,temp,a_freq,b_freq,gamma1
0,25.0,48.87228666166902,57.227165458318524,8.641839452494336
1,30.0,48.39291497368129,56.860787219360105,8.37318815279986
2,35.0,47.91911546399314,56.362397934552185,8.482262913799605
3,40.0,47.604112855393325,55.975276752681914,8.389740087414523
4,45.0,47.48733526129945,55.829411527223236,8.904447140620459
5,50.0,46.94314065967214,55.29251807695738,8.483675118932458
6,45.0,47.40908883052674,55.64818105031661,8.35886714433729
7,40.0,47.6540758218858,56.12576683863734,8.420554303243337
8,35.0,48.13480737154243,56.48399102530546,8.9806394641807
9,30.0,48.56740131298473,56.97869089119251,8.788556187931526
10,25.0,48.74101460642952,57.34394212690167,8.411030973548105
11,20.0,49.30460234536597,57.616369509655236,8.307555058541
